#From Abitbol et al. 2017 https://academic.oup.com/mnras/article/471/1/1126/3906610
#Based on Mashian et al 2016 https://academic.oup.com/mnrasl/article/458/1/L99/2589726
#freq [GHz]              I [MJy/sr]
1.042870165933745774e+01 2.513128236670052016e-08
1.020139096633061193e+01 1.638092797173394124e-08
1.075862194119948434e+01 3.791087543386600954e-08
1.128484563894854631e+01 5.793093697942481615e-08
1.163150379195015738e+01 8.272633592908794714e-08
1.198881090541497230e+01 1.181227473163246399e-07
1.235687015687173584e+01 1.658657788217254555e-07
1.273617120709517714e+01 2.319147278292315024e-07
1.312693668860801566e+01 3.202107346910368438e-07
1.359792126772549636e+01 4.637400370700200024e-07
1.415659815628066909e+01 6.934934335453084928e-07
1.473807829896711397e+01 1.027195345692648105e-06
1.534312982462292929e+01 1.492933650590573626e-06
1.597269524557604292e+01 2.129121751938925324e-06
1.662781073012919109e+01 2.988701599282296862e-06
1.739676122999511776e+01 4.323753518733217294e-06
1.829240540925347602e+01 6.346142552884240021e-06
1.923374208902811588e+01 9.126374542897908884e-06
2.032450786228305972e+01 1.315020408988679502e-05
2.169279148986855432e+01 1.953903141239808394e-05
2.338515530606352044e+01 2.931360583963490765e-05
2.571776380059504419e+01 4.572873013192994552e-05
2.870779315351920502e+01 6.919298562378920663e-05
3.204236441259753576e+01 9.549614579094478205e-05
3.576192269769910581e+01 1.236126862977312050e-04
3.991202369979924924e+01 1.548249394605272146e-04
4.454423115865850491e+01 1.948865975537688265e-04
4.971614336647488841e+01 2.534391255217578070e-04
5.549074667965773244e+01 3.394401011893566876e-04
6.193737974043458649e+01 4.598779944182307855e-04
6.913320615812257586e+01 6.196285020137461087e-04
7.716494155855305337e+01 8.254546651004526737e-04
8.612904034173702428e+01 1.078247615993158017e-03
9.613317408471137071e+01 1.372392679469044453e-03
1.072970625603518897e+02 1.687103583560493024e-03
1.197537073335439430e+02 1.980429937766587604e-03
1.336503947969691524e+02 2.184063864835441952e-03
1.491523358130180839e+02 2.248279709359469331e-03
1.664420437890087783e+02 2.128530507318514894e-03
1.857219717013986724e+02 1.823184689650609236e-03
2.072188151802404548e+02 1.401840033044359684e-03
2.288932957711030554e+02 9.842317229745063418e-04
2.478377532822985927e+02 6.796335433055847829e-04
2.643678341439360793e+02 4.750366051742028746e-04
2.805923880426051937e+02 3.239907504471229750e-04
2.963282051288319394e+02 2.179735145852948616e-04
3.113894283351071977e+02 1.463196704322804176e-04
3.255901524775716211e+02 9.888406802795453678e-05
3.387483958922410352e+02 6.778337581502226147e-05
3.524312245948952409e+02 4.518843560247732193e-05
3.666679802609803005e+02 2.992929447256966456e-05
3.814642863595338440e+02 1.890850219290970301e-05
3.968563254228859023e+02 1.178525307444926149e-05
4.108261759522786747e+02 7.607841748386172125e-06
4.231854669312853048e+02 5.129951429855725097e-06
4.359126246451013458e+02 3.408378987952139528e-06
4.490225472601957222e+02 2.249391280644752306e-06
4.625162683904455889e+02 1.444167027832461237e-06
4.764133351511734418e+02 9.168214446678420921e-07
4.907279622827482513e+02 5.777831145552468750e-07
5.054635354241981986e+02 3.554680116055668072e-07
5.206392292668446089e+02 2.161061589860744184e-07
5.362656884104845858e+02 1.292632450413496334e-07
5.523586572786554143e+02 7.636790672853121397e-08
5.689242544366397851e+02 4.400526339535465681e-08
5.859786998101080826e+02 2.482786868872511321e-08
6.035471149183154012e+02 1.393969497580287081e-08
6.155575585827954228e+02 9.529445547234757791e-09
